Starting Max-Min Algorithm Simulation...
Initialising...

Vm0  mips:100

Vm1  mips:150

Vm2  mips:200

Vm3  mips:250

Vm4  mips:300

Vm5  mips:350

Vm6  mips:400

Vm7  mips:450

Vm8  mips:500

Vm9  mips:550
===========================
This is start of iteration 1
The current required exceution time matirx is as below,with size of 20 by 11
    Vm0               Vm1               Vm2               Vm3               Vm4               Vm5               Vm6               Vm7               Vm8               Vm9           cloudletNum
40.00000          26.66667          20.00000          16.00000          13.33333          11.42857          10.00000          8.88889           8.00000           7.27273           0.00000           
50.00000          33.33333          25.00000          20.00000          16.66667          14.28571          12.50000          11.11111          10.00000          9.09091           1.00000           
60.00000          40.00000          30.00000          24.00000          20.00000          17.14286          15.00000          13.33333          12.00000          10.90909          2.00000           
70.00000          46.66667          35.00000          28.00000          23.33333          20.00000          17.50000          15.55556          14.00000          12.72727          3.00000           
80.00000          53.33333          40.00000          32.00000          26.66667          22.85714          20.00000          17.77778          16.00000          14.54545          4.00000           
90.00000          60.00000          45.00000          36.00000          30.00000          25.71429          22.50000          20.00000          18.00000          16.36364          5.00000           
100.00000         66.66667          50.00000          40.00000          33.33333          28.57143          25.00000          22.22222          20.00000          18.18182          6.00000           
110.00000         73.33333          55.00000          44.00000          36.66667          31.42857          27.50000          24.44444          22.00000          20.00000          7.00000           
120.00000         80.00000          60.00000          48.00000          40.00000          34.28571          30.00000          26.66667          24.00000          21.81818          8.00000           
130.00000         86.66667          65.00000          52.00000          43.33333          37.14286          32.50000          28.88889          26.00000          23.63636          9.00000           
140.00000         93.33333          70.00000          56.00000          46.66667          40.00000          35.00000          31.11111          28.00000          25.45455          10.00000          
150.00000         100.00000         75.00000          60.00000          50.00000          42.85714          37.50000          33.33333          30.00000          27.27273          11.00000          
160.00000         106.66667         80.00000          64.00000          53.33333          45.71429          40.00000          35.55556          32.00000          29.09091          12.00000          
170.00000         113.33333         85.00000          68.00000          56.66667          48.57143          42.50000          37.77778          34.00000          30.90909          13.00000          
180.00000         120.00000         90.00000          72.00000          60.00000          51.42857          45.00000          40.00000          36.00000          32.72727          14.00000          
190.00000         126.66667         95.00000          76.00000          63.33333          54.28571          47.50000          42.22222          38.00000          34.54545          15.00000          
200.00000         133.33333         100.00000         80.00000          66.66667          57.14286          50.00000          44.44444          40.00000          36.36364          16.00000          
210.00000         140.00000         105.00000         84.00000          70.00000          60.00000          52.50000          46.66667          42.00000          38.18182          17.00000          
220.00000         146.66667         110.00000         88.00000          73.33333          62.85714          55.00000          48.88889          44.00000          40.00000          18.00000          
230.00000         153.33333         115.00000         92.00000          76.66667          65.71429          57.50000          51.11111          46.00000          41.81818          19.00000          

The required values {row,column,cloudlet id} : {19, 9, 19} ===> 41.8182(max), located at row 19 column 9, and the cloudlet id is 19 
The cloudlet 19 has been assigned to VM 9 
The ready time array is [0.0, 0.0, 0.0, 0.0, 0.0, 0.0, 0.0, 0.0, 0.0, 41.81818181818182] 
This is end of iteration 1
===========================
===========================
This is start of iteration 2
The current required exceution time matirx is as below,with size of 19 by 11
    Vm0               Vm1               Vm2               Vm3               Vm4               Vm5               Vm6               Vm7               Vm8               Vm9           cloudletNum
40.00000          26.66667          20.00000          16.00000          13.33333          11.42857          10.00000          8.88889           8.00000           49.09091          0.00000           
50.00000          33.33333          25.00000          20.00000          16.66667          14.28571          12.50000          11.11111          10.00000          50.90909          1.00000           
60.00000          40.00000          30.00000          24.00000          20.00000          17.14286          15.00000          13.33333          12.00000          52.72727          2.00000           
70.00000          46.66667          35.00000          28.00000          23.33333          20.00000          17.50000          15.55556          14.00000          54.54545          3.00000           
80.00000          53.33333          40.00000          32.00000          26.66667          22.85714          20.00000          17.77778          16.00000          56.36364          4.00000           
90.00000          60.00000          45.00000          36.00000          30.00000          25.71429          22.50000          20.00000          18.00000          58.18182          5.00000           
100.00000         66.66667          50.00000          40.00000          33.33333          28.57143          25.00000          22.22222          20.00000          60.00000          6.00000           
110.00000         73.33333          55.00000          44.00000          36.66667          31.42857          27.50000          24.44444          22.00000          61.81818          7.00000           
120.00000         80.00000          60.00000          48.00000          40.00000          34.28571          30.00000          26.66667          24.00000          63.63636          8.00000           
130.00000         86.66667          65.00000          52.00000          43.33333          37.14286          32.50000          28.88889          26.00000          65.45455          9.00000           
140.00000         93.33333          70.00000          56.00000          46.66667          40.00000          35.00000          31.11111          28.00000          67.27273          10.00000          
150.00000         100.00000         75.00000          60.00000          50.00000          42.85714          37.50000          33.33333          30.00000          69.09091          11.00000          
160.00000         106.66667         80.00000          64.00000          53.33333          45.71429          40.00000          35.55556          32.00000          70.90909          12.00000          
170.00000         113.33333         85.00000          68.00000          56.66667          48.57143          42.50000          37.77778          34.00000          72.72727          13.00000          
180.00000         120.00000         90.00000          72.00000          60.00000          51.42857          45.00000          40.00000          36.00000          74.54545          14.00000          
190.00000         126.66667         95.00000          76.00000          63.33333          54.28571          47.50000          42.22222          38.00000          76.36364          15.00000          
200.00000         133.33333         100.00000         80.00000          66.66667          57.14286          50.00000          44.44444          40.00000          78.18182          16.00000          
210.00000         140.00000         105.00000         84.00000          70.00000          60.00000          52.50000          46.66667          42.00000          80.00000          17.00000          
220.00000         146.66667         110.00000         88.00000          73.33333          62.85714          55.00000          48.88889          44.00000          81.81818          18.00000          

The required values {row,column,cloudlet id} : {18, 8, 18} ===> 44.0000(max), located at row 18 column 8, and the cloudlet id is 18 
The cloudlet 18 has been assigned to VM 8 
The ready time array is [0.0, 0.0, 0.0, 0.0, 0.0, 0.0, 0.0, 0.0, 44.0, 41.81818181818182] 
This is end of iteration 2
===========================
===========================
This is start of iteration 3
The current required exceution time matirx is as below,with size of 18 by 11
    Vm0               Vm1               Vm2               Vm3               Vm4               Vm5               Vm6               Vm7               Vm8               Vm9           cloudletNum
40.00000          26.66667          20.00000          16.00000          13.33333          11.42857          10.00000          8.88889           52.00000          49.09091          0.00000           
50.00000          33.33333          25.00000          20.00000          16.66667          14.28571          12.50000          11.11111          54.00000          50.90909          1.00000           
60.00000          40.00000          30.00000          24.00000          20.00000          17.14286          15.00000          13.33333          56.00000          52.72727          2.00000           
70.00000          46.66667          35.00000          28.00000          23.33333          20.00000          17.50000          15.55556          58.00000          54.54545          3.00000           
80.00000          53.33333          40.00000          32.00000          26.66667          22.85714          20.00000          17.77778          60.00000          56.36364          4.00000           
90.00000          60.00000          45.00000          36.00000          30.00000          25.71429          22.50000          20.00000          62.00000          58.18182          5.00000           
100.00000         66.66667          50.00000          40.00000          33.33333          28.57143          25.00000          22.22222          64.00000          60.00000          6.00000           
110.00000         73.33333          55.00000          44.00000          36.66667          31.42857          27.50000          24.44444          66.00000          61.81818          7.00000           
120.00000         80.00000          60.00000          48.00000          40.00000          34.28571          30.00000          26.66667          68.00000          63.63636          8.00000           
130.00000         86.66667          65.00000          52.00000          43.33333          37.14286          32.50000          28.88889          70.00000          65.45455          9.00000           
140.00000         93.33333          70.00000          56.00000          46.66667          40.00000          35.00000          31.11111          72.00000          67.27273          10.00000          
150.00000         100.00000         75.00000          60.00000          50.00000          42.85714          37.50000          33.33333          74.00000          69.09091          11.00000          
160.00000         106.66667         80.00000          64.00000          53.33333          45.71429          40.00000          35.55556          76.00000          70.90909          12.00000          
170.00000         113.33333         85.00000          68.00000          56.66667          48.57143          42.50000          37.77778          78.00000          72.72727          13.00000          
180.00000         120.00000         90.00000          72.00000          60.00000          51.42857          45.00000          40.00000          80.00000          74.54545          14.00000          
190.00000         126.66667         95.00000          76.00000          63.33333          54.28571          47.50000          42.22222          82.00000          76.36364          15.00000          
200.00000         133.33333         100.00000         80.00000          66.66667          57.14286          50.00000          44.44444          84.00000          78.18182          16.00000          
210.00000         140.00000         105.00000         84.00000          70.00000          60.00000          52.50000          46.66667          86.00000          80.00000          17.00000          

The required values {row,column,cloudlet id} : {17, 7, 17} ===> 46.6667(max), located at row 17 column 7, and the cloudlet id is 17 
The cloudlet 17 has been assigned to VM 7 
The ready time array is [0.0, 0.0, 0.0, 0.0, 0.0, 0.0, 0.0, 46.666666666666664, 44.0, 41.81818181818182] 
This is end of iteration 3
===========================
===========================
This is start of iteration 4
The current required exceution time matirx is as below,with size of 17 by 11
    Vm0               Vm1               Vm2               Vm3               Vm4               Vm5               Vm6               Vm7               Vm8               Vm9           cloudletNum
40.00000          26.66667          20.00000          16.00000          13.33333          11.42857          10.00000          55.55556          52.00000          49.09091          0.00000           
50.00000          33.33333          25.00000          20.00000          16.66667          14.28571          12.50000          57.77778          54.00000          50.90909          1.00000           
60.00000          40.00000          30.00000          24.00000          20.00000          17.14286          15.00000          60.00000          56.00000          52.72727          2.00000           
70.00000          46.66667          35.00000          28.00000          23.33333          20.00000          17.50000          62.22222          58.00000          54.54545          3.00000           
80.00000          53.33333          40.00000          32.00000          26.66667          22.85714          20.00000          64.44444          60.00000          56.36364          4.00000           
90.00000          60.00000          45.00000          36.00000          30.00000          25.71429          22.50000          66.66667          62.00000          58.18182          5.00000           
100.00000         66.66667          50.00000          40.00000          33.33333          28.57143          25.00000          68.88889          64.00000          60.00000          6.00000           
110.00000         73.33333          55.00000          44.00000          36.66667          31.42857          27.50000          71.11111          66.00000          61.81818          7.00000           
120.00000         80.00000          60.00000          48.00000          40.00000          34.28571          30.00000          73.33333          68.00000          63.63636          8.00000           
130.00000         86.66667          65.00000          52.00000          43.33333          37.14286          32.50000          75.55556          70.00000          65.45455          9.00000           
140.00000         93.33333          70.00000          56.00000          46.66667          40.00000          35.00000          77.77778          72.00000          67.27273          10.00000          
150.00000         100.00000         75.00000          60.00000          50.00000          42.85714          37.50000          80.00000          74.00000          69.09091          11.00000          
160.00000         106.66667         80.00000          64.00000          53.33333          45.71429          40.00000          82.22222          76.00000          70.90909          12.00000          
170.00000         113.33333         85.00000          68.00000          56.66667          48.57143          42.50000          84.44444          78.00000          72.72727          13.00000          
180.00000         120.00000         90.00000          72.00000          60.00000          51.42857          45.00000          86.66667          80.00000          74.54545          14.00000          
190.00000         126.66667         95.00000          76.00000          63.33333          54.28571          47.50000          88.88889          82.00000          76.36364          15.00000          
200.00000         133.33333         100.00000         80.00000          66.66667          57.14286          50.00000          91.11111          84.00000          78.18182          16.00000          

The required values {row,column,cloudlet id} : {16, 6, 16} ===> 50.0000(max), located at row 16 column 6, and the cloudlet id is 16 
The cloudlet 16 has been assigned to VM 6 
The ready time array is [0.0, 0.0, 0.0, 0.0, 0.0, 0.0, 50.0, 46.666666666666664, 44.0, 41.81818181818182] 
This is end of iteration 4
===========================
===========================
This is start of iteration 5
The current required exceution time matirx is as below,with size of 16 by 11
    Vm0               Vm1               Vm2               Vm3               Vm4               Vm5               Vm6               Vm7               Vm8               Vm9           cloudletNum
40.00000          26.66667          20.00000          16.00000          13.33333          11.42857          60.00000          55.55556          52.00000          49.09091          0.00000           
50.00000          33.33333          25.00000          20.00000          16.66667          14.28571          62.50000          57.77778          54.00000          50.90909          1.00000           
60.00000          40.00000          30.00000          24.00000          20.00000          17.14286          65.00000          60.00000          56.00000          52.72727          2.00000           
70.00000          46.66667          35.00000          28.00000          23.33333          20.00000          67.50000          62.22222          58.00000          54.54545          3.00000           
80.00000          53.33333          40.00000          32.00000          26.66667          22.85714          70.00000          64.44444          60.00000          56.36364          4.00000           
90.00000          60.00000          45.00000          36.00000          30.00000          25.71429          72.50000          66.66667          62.00000          58.18182          5.00000           
100.00000         66.66667          50.00000          40.00000          33.33333          28.57143          75.00000          68.88889          64.00000          60.00000          6.00000           
110.00000         73.33333          55.00000          44.00000          36.66667          31.42857          77.50000          71.11111          66.00000          61.81818          7.00000           
120.00000         80.00000          60.00000          48.00000          40.00000          34.28571          80.00000          73.33333          68.00000          63.63636          8.00000           
130.00000         86.66667          65.00000          52.00000          43.33333          37.14286          82.50000          75.55556          70.00000          65.45455          9.00000           
140.00000         93.33333          70.00000          56.00000          46.66667          40.00000          85.00000          77.77778          72.00000          67.27273          10.00000          
150.00000         100.00000         75.00000          60.00000          50.00000          42.85714          87.50000          80.00000          74.00000          69.09091          11.00000          
160.00000         106.66667         80.00000          64.00000          53.33333          45.71429          90.00000          82.22222          76.00000          70.90909          12.00000          
170.00000         113.33333         85.00000          68.00000          56.66667          48.57143          92.50000          84.44444          78.00000          72.72727          13.00000          
180.00000         120.00000         90.00000          72.00000          60.00000          51.42857          95.00000          86.66667          80.00000          74.54545          14.00000          
190.00000         126.66667         95.00000          76.00000          63.33333          54.28571          97.50000          88.88889          82.00000          76.36364          15.00000          

The required values {row,column,cloudlet id} : {15, 5, 15} ===> 54.2857(max), located at row 15 column 5, and the cloudlet id is 15 
The cloudlet 15 has been assigned to VM 5 
The ready time array is [0.0, 0.0, 0.0, 0.0, 0.0, 54.285714285714285, 50.0, 46.666666666666664, 44.0, 41.81818181818182] 
This is end of iteration 5
===========================
===========================
This is start of iteration 6
The current required exceution time matirx is as below,with size of 15 by 11
    Vm0               Vm1               Vm2               Vm3               Vm4               Vm5               Vm6               Vm7               Vm8               Vm9           cloudletNum
40.00000          26.66667          20.00000          16.00000          13.33333          65.71429          60.00000          55.55556          52.00000          49.09091          0.00000           
50.00000          33.33333          25.00000          20.00000          16.66667          68.57143          62.50000          57.77778          54.00000          50.90909          1.00000           
60.00000          40.00000          30.00000          24.00000          20.00000          71.42857          65.00000          60.00000          56.00000          52.72727          2.00000           
70.00000          46.66667          35.00000          28.00000          23.33333          74.28571          67.50000          62.22222          58.00000          54.54545          3.00000           
80.00000          53.33333          40.00000          32.00000          26.66667          77.14286          70.00000          64.44444          60.00000          56.36364          4.00000           
90.00000          60.00000          45.00000          36.00000          30.00000          80.00000          72.50000          66.66667          62.00000          58.18182          5.00000           
100.00000         66.66667          50.00000          40.00000          33.33333          82.85714          75.00000          68.88889          64.00000          60.00000          6.00000           
110.00000         73.33333          55.00000          44.00000          36.66667          85.71429          77.50000          71.11111          66.00000          61.81818          7.00000           
120.00000         80.00000          60.00000          48.00000          40.00000          88.57143          80.00000          73.33333          68.00000          63.63636          8.00000           
130.00000         86.66667          65.00000          52.00000          43.33333          91.42857          82.50000          75.55556          70.00000          65.45455          9.00000           
140.00000         93.33333          70.00000          56.00000          46.66667          94.28571          85.00000          77.77778          72.00000          67.27273          10.00000          
150.00000         100.00000         75.00000          60.00000          50.00000          97.14286          87.50000          80.00000          74.00000          69.09091          11.00000          
160.00000         106.66667         80.00000          64.00000          53.33333          100.00000         90.00000          82.22222          76.00000          70.90909          12.00000          
170.00000         113.33333         85.00000          68.00000          56.66667          102.85714         92.50000          84.44444          78.00000          72.72727          13.00000          
180.00000         120.00000         90.00000          72.00000          60.00000          105.71429         95.00000          86.66667          80.00000          74.54545          14.00000          

The required values {row,column,cloudlet id} : {14, 4, 14} ===> 60.0000(max), located at row 14 column 4, and the cloudlet id is 14 
The cloudlet 14 has been assigned to VM 4 
The ready time array is [0.0, 0.0, 0.0, 0.0, 60.0, 54.285714285714285, 50.0, 46.666666666666664, 44.0, 41.81818181818182] 
This is end of iteration 6
===========================
===========================
This is start of iteration 7
The current required exceution time matirx is as below,with size of 14 by 11
    Vm0               Vm1               Vm2               Vm3               Vm4               Vm5               Vm6               Vm7               Vm8               Vm9           cloudletNum
40.00000          26.66667          20.00000          16.00000          73.33333          65.71429          60.00000          55.55556          52.00000          49.09091          0.00000           
50.00000          33.33333          25.00000          20.00000          76.66667          68.57143          62.50000          57.77778          54.00000          50.90909          1.00000           
60.00000          40.00000          30.00000          24.00000          80.00000          71.42857          65.00000          60.00000          56.00000          52.72727          2.00000           
70.00000          46.66667          35.00000          28.00000          83.33333          74.28571          67.50000          62.22222          58.00000          54.54545          3.00000           
80.00000          53.33333          40.00000          32.00000          86.66667          77.14286          70.00000          64.44444          60.00000          56.36364          4.00000           
90.00000          60.00000          45.00000          36.00000          90.00000          80.00000          72.50000          66.66667          62.00000          58.18182          5.00000           
100.00000         66.66667          50.00000          40.00000          93.33333          82.85714          75.00000          68.88889          64.00000          60.00000          6.00000           
110.00000         73.33333          55.00000          44.00000          96.66667          85.71429          77.50000          71.11111          66.00000          61.81818          7.00000           
120.00000         80.00000          60.00000          48.00000          100.00000         88.57143          80.00000          73.33333          68.00000          63.63636          8.00000           
130.00000         86.66667          65.00000          52.00000          103.33333         91.42857          82.50000          75.55556          70.00000          65.45455          9.00000           
140.00000         93.33333          70.00000          56.00000          106.66667         94.28571          85.00000          77.77778          72.00000          67.27273          10.00000          
150.00000         100.00000         75.00000          60.00000          110.00000         97.14286          87.50000          80.00000          74.00000          69.09091          11.00000          
160.00000         106.66667         80.00000          64.00000          113.33333         100.00000         90.00000          82.22222          76.00000          70.90909          12.00000          
170.00000         113.33333         85.00000          68.00000          116.66667         102.85714         92.50000          84.44444          78.00000          72.72727          13.00000          

The required values {row,column,cloudlet id} : {13, 3, 13} ===> 68.0000(max), located at row 13 column 3, and the cloudlet id is 13 
The cloudlet 13 has been assigned to VM 3 
The ready time array is [0.0, 0.0, 0.0, 68.0, 60.0, 54.285714285714285, 50.0, 46.666666666666664, 44.0, 41.81818181818182] 
This is end of iteration 7
===========================
===========================
This is start of iteration 8
The current required exceution time matirx is as below,with size of 13 by 11
    Vm0               Vm1               Vm2               Vm3               Vm4               Vm5               Vm6               Vm7               Vm8               Vm9           cloudletNum
40.00000          26.66667          20.00000          84.00000          73.33333          65.71429          60.00000          55.55556          52.00000          49.09091          0.00000           
50.00000          33.33333          25.00000          88.00000          76.66667          68.57143          62.50000          57.77778          54.00000          50.90909          1.00000           
60.00000          40.00000          30.00000          92.00000          80.00000          71.42857          65.00000          60.00000          56.00000          52.72727          2.00000           
70.00000          46.66667          35.00000          96.00000          83.33333          74.28571          67.50000          62.22222          58.00000          54.54545          3.00000           
80.00000          53.33333          40.00000          100.00000         86.66667          77.14286          70.00000          64.44444          60.00000          56.36364          4.00000           
90.00000          60.00000          45.00000          104.00000         90.00000          80.00000          72.50000          66.66667          62.00000          58.18182          5.00000           
100.00000         66.66667          50.00000          108.00000         93.33333          82.85714          75.00000          68.88889          64.00000          60.00000          6.00000           
110.00000         73.33333          55.00000          112.00000         96.66667          85.71429          77.50000          71.11111          66.00000          61.81818          7.00000           
120.00000         80.00000          60.00000          116.00000         100.00000         88.57143          80.00000          73.33333          68.00000          63.63636          8.00000           
130.00000         86.66667          65.00000          120.00000         103.33333         91.42857          82.50000          75.55556          70.00000          65.45455          9.00000           
140.00000         93.33333          70.00000          124.00000         106.66667         94.28571          85.00000          77.77778          72.00000          67.27273          10.00000          
150.00000         100.00000         75.00000          128.00000         110.00000         97.14286          87.50000          80.00000          74.00000          69.09091          11.00000          
160.00000         106.66667         80.00000          132.00000         113.33333         100.00000         90.00000          82.22222          76.00000          70.90909          12.00000          

The required values {row,column,cloudlet id} : {12, 9, 12} ===> 70.9091(max), located at row 12 column 9, and the cloudlet id is 12 
The cloudlet 12 has been assigned to VM 9 
The ready time array is [0.0, 0.0, 0.0, 68.0, 60.0, 54.285714285714285, 50.0, 46.666666666666664, 44.0, 70.9090909090909] 
This is end of iteration 8
===========================
===========================
This is start of iteration 9
The current required exceution time matirx is as below,with size of 12 by 11
    Vm0               Vm1               Vm2               Vm3               Vm4               Vm5               Vm6               Vm7               Vm8               Vm9           cloudletNum
40.00000          26.66667          20.00000          84.00000          73.33333          65.71429          60.00000          55.55556          52.00000          78.18182          0.00000           
50.00000          33.33333          25.00000          88.00000          76.66667          68.57143          62.50000          57.77778          54.00000          80.00000          1.00000           
60.00000          40.00000          30.00000          92.00000          80.00000          71.42857          65.00000          60.00000          56.00000          81.81818          2.00000           
70.00000          46.66667          35.00000          96.00000          83.33333          74.28571          67.50000          62.22222          58.00000          83.63636          3.00000           
80.00000          53.33333          40.00000          100.00000         86.66667          77.14286          70.00000          64.44444          60.00000          85.45455          4.00000           
90.00000          60.00000          45.00000          104.00000         90.00000          80.00000          72.50000          66.66667          62.00000          87.27273          5.00000           
100.00000         66.66667          50.00000          108.00000         93.33333          82.85714          75.00000          68.88889          64.00000          89.09091          6.00000           
110.00000         73.33333          55.00000          112.00000         96.66667          85.71429          77.50000          71.11111          66.00000          90.90909          7.00000           
120.00000         80.00000          60.00000          116.00000         100.00000         88.57143          80.00000          73.33333          68.00000          92.72727          8.00000           
130.00000         86.66667          65.00000          120.00000         103.33333         91.42857          82.50000          75.55556          70.00000          94.54545          9.00000           
140.00000         93.33333          70.00000          124.00000         106.66667         94.28571          85.00000          77.77778          72.00000          96.36364          10.00000          
150.00000         100.00000         75.00000          128.00000         110.00000         97.14286          87.50000          80.00000          74.00000          98.18182          11.00000          

The required values {row,column,cloudlet id} : {11, 8, 11} ===> 74.0000(max), located at row 11 column 8, and the cloudlet id is 11 
The cloudlet 11 has been assigned to VM 8 
The ready time array is [0.0, 0.0, 0.0, 68.0, 60.0, 54.285714285714285, 50.0, 46.666666666666664, 74.0, 70.9090909090909] 
This is end of iteration 9
===========================
===========================
This is start of iteration 10
The current required exceution time matirx is as below,with size of 11 by 11
    Vm0               Vm1               Vm2               Vm3               Vm4               Vm5               Vm6               Vm7               Vm8               Vm9           cloudletNum
40.00000          26.66667          20.00000          84.00000          73.33333          65.71429          60.00000          55.55556          82.00000          78.18182          0.00000           
50.00000          33.33333          25.00000          88.00000          76.66667          68.57143          62.50000          57.77778          84.00000          80.00000          1.00000           
60.00000          40.00000          30.00000          92.00000          80.00000          71.42857          65.00000          60.00000          86.00000          81.81818          2.00000           
70.00000          46.66667          35.00000          96.00000          83.33333          74.28571          67.50000          62.22222          88.00000          83.63636          3.00000           
80.00000          53.33333          40.00000          100.00000         86.66667          77.14286          70.00000          64.44444          90.00000          85.45455          4.00000           
90.00000          60.00000          45.00000          104.00000         90.00000          80.00000          72.50000          66.66667          92.00000          87.27273          5.00000           
100.00000         66.66667          50.00000          108.00000         93.33333          82.85714          75.00000          68.88889          94.00000          89.09091          6.00000           
110.00000         73.33333          55.00000          112.00000         96.66667          85.71429          77.50000          71.11111          96.00000          90.90909          7.00000           
120.00000         80.00000          60.00000          116.00000         100.00000         88.57143          80.00000          73.33333          98.00000          92.72727          8.00000           
130.00000         86.66667          65.00000          120.00000         103.33333         91.42857          82.50000          75.55556          100.00000         94.54545          9.00000           
140.00000         93.33333          70.00000          124.00000         106.66667         94.28571          85.00000          77.77778          102.00000         96.36364          10.00000          

The required values {row,column,cloudlet id} : {10, 2, 10} ===> 70.0000(max), located at row 10 column 2, and the cloudlet id is 10 
The cloudlet 10 has been assigned to VM 2 
The ready time array is [0.0, 0.0, 70.0, 68.0, 60.0, 54.285714285714285, 50.0, 46.666666666666664, 74.0, 70.9090909090909] 
This is end of iteration 10
===========================
===========================
This is start of iteration 11
The current required exceution time matirx is as below,with size of 10 by 11
    Vm0               Vm1               Vm2               Vm3               Vm4               Vm5               Vm6               Vm7               Vm8               Vm9           cloudletNum
40.00000          26.66667          90.00000          84.00000          73.33333          65.71429          60.00000          55.55556          82.00000          78.18182          0.00000           
50.00000          33.33333          95.00000          88.00000          76.66667          68.57143          62.50000          57.77778          84.00000          80.00000          1.00000           
60.00000          40.00000          100.00000         92.00000          80.00000          71.42857          65.00000          60.00000          86.00000          81.81818          2.00000           
70.00000          46.66667          105.00000         96.00000          83.33333          74.28571          67.50000          62.22222          88.00000          83.63636          3.00000           
80.00000          53.33333          110.00000         100.00000         86.66667          77.14286          70.00000          64.44444          90.00000          85.45455          4.00000           
90.00000          60.00000          115.00000         104.00000         90.00000          80.00000          72.50000          66.66667          92.00000          87.27273          5.00000           
100.00000         66.66667          120.00000         108.00000         93.33333          82.85714          75.00000          68.88889          94.00000          89.09091          6.00000           
110.00000         73.33333          125.00000         112.00000         96.66667          85.71429          77.50000          71.11111          96.00000          90.90909          7.00000           
120.00000         80.00000          130.00000         116.00000         100.00000         88.57143          80.00000          73.33333          98.00000          92.72727          8.00000           
130.00000         86.66667          135.00000         120.00000         103.33333         91.42857          82.50000          75.55556          100.00000         94.54545          9.00000           

The required values {row,column,cloudlet id} : {9, 7, 9} ===> 75.5556(max), located at row 9 column 7, and the cloudlet id is 9 
The cloudlet 9 has been assigned to VM 7 
The ready time array is [0.0, 0.0, 70.0, 68.0, 60.0, 54.285714285714285, 50.0, 75.55555555555556, 74.0, 70.9090909090909] 
This is end of iteration 11
===========================
===========================
This is start of iteration 12
The current required exceution time matirx is as below,with size of 9 by 11
    Vm0               Vm1               Vm2               Vm3               Vm4               Vm5               Vm6               Vm7               Vm8               Vm9           cloudletNum
40.00000          26.66667          90.00000          84.00000          73.33333          65.71429          60.00000          84.44444          82.00000          78.18182          0.00000           
50.00000          33.33333          95.00000          88.00000          76.66667          68.57143          62.50000          86.66667          84.00000          80.00000          1.00000           
60.00000          40.00000          100.00000         92.00000          80.00000          71.42857          65.00000          88.88889          86.00000          81.81818          2.00000           
70.00000          46.66667          105.00000         96.00000          83.33333          74.28571          67.50000          91.11111          88.00000          83.63636          3.00000           
80.00000          53.33333          110.00000         100.00000         86.66667          77.14286          70.00000          93.33333          90.00000          85.45455          4.00000           
90.00000          60.00000          115.00000         104.00000         90.00000          80.00000          72.50000          95.55556          92.00000          87.27273          5.00000           
100.00000         66.66667          120.00000         108.00000         93.33333          82.85714          75.00000          97.77778          94.00000          89.09091          6.00000           
110.00000         73.33333          125.00000         112.00000         96.66667          85.71429          77.50000          100.00000         96.00000          90.90909          7.00000           
120.00000         80.00000          130.00000         116.00000         100.00000         88.57143          80.00000          102.22222         98.00000          92.72727          8.00000           

The required values {row,column,cloudlet id} : {8, 1, 8} ===> 80.0000(max), located at row 8 column 1, and the cloudlet id is 8 
The cloudlet 8 has been assigned to VM 1 
The ready time array is [0.0, 80.0, 70.0, 68.0, 60.0, 54.285714285714285, 50.0, 75.55555555555556, 74.0, 70.9090909090909] 
This is end of iteration 12
===========================
===========================
This is start of iteration 13
The current required exceution time matirx is as below,with size of 8 by 11
    Vm0               Vm1               Vm2               Vm3               Vm4               Vm5               Vm6               Vm7               Vm8               Vm9           cloudletNum
40.00000          106.66667         90.00000          84.00000          73.33333          65.71429          60.00000          84.44444          82.00000          78.18182          0.00000           
50.00000          113.33333         95.00000          88.00000          76.66667          68.57143          62.50000          86.66667          84.00000          80.00000          1.00000           
60.00000          120.00000         100.00000         92.00000          80.00000          71.42857          65.00000          88.88889          86.00000          81.81818          2.00000           
70.00000          126.66667         105.00000         96.00000          83.33333          74.28571          67.50000          91.11111          88.00000          83.63636          3.00000           
80.00000          133.33333         110.00000         100.00000         86.66667          77.14286          70.00000          93.33333          90.00000          85.45455          4.00000           
90.00000          140.00000         115.00000         104.00000         90.00000          80.00000          72.50000          95.55556          92.00000          87.27273          5.00000           
100.00000         146.66667         120.00000         108.00000         93.33333          82.85714          75.00000          97.77778          94.00000          89.09091          6.00000           
110.00000         153.33333         125.00000         112.00000         96.66667          85.71429          77.50000          100.00000         96.00000          90.90909          7.00000           

The required values {row,column,cloudlet id} : {7, 6, 7} ===> 77.5000(max), located at row 7 column 6, and the cloudlet id is 7 
The cloudlet 7 has been assigned to VM 6 
The ready time array is [0.0, 80.0, 70.0, 68.0, 60.0, 54.285714285714285, 77.5, 75.55555555555556, 74.0, 70.9090909090909] 
This is end of iteration 13
===========================
===========================
This is start of iteration 14
The current required exceution time matirx is as below,with size of 7 by 11
    Vm0               Vm1               Vm2               Vm3               Vm4               Vm5               Vm6               Vm7               Vm8               Vm9           cloudletNum
40.00000          106.66667         90.00000          84.00000          73.33333          65.71429          87.50000          84.44444          82.00000          78.18182          0.00000           
50.00000          113.33333         95.00000          88.00000          76.66667          68.57143          90.00000          86.66667          84.00000          80.00000          1.00000           
60.00000          120.00000         100.00000         92.00000          80.00000          71.42857          92.50000          88.88889          86.00000          81.81818          2.00000           
70.00000          126.66667         105.00000         96.00000          83.33333          74.28571          95.00000          91.11111          88.00000          83.63636          3.00000           
80.00000          133.33333         110.00000         100.00000         86.66667          77.14286          97.50000          93.33333          90.00000          85.45455          4.00000           
90.00000          140.00000         115.00000         104.00000         90.00000          80.00000          100.00000         95.55556          92.00000          87.27273          5.00000           
100.00000         146.66667         120.00000         108.00000         93.33333          82.85714          102.50000         97.77778          94.00000          89.09091          6.00000           

The required values {row,column,cloudlet id} : {6, 5, 6} ===> 82.8571(max), located at row 6 column 5, and the cloudlet id is 6 
The cloudlet 6 has been assigned to VM 5 
The ready time array is [0.0, 80.0, 70.0, 68.0, 60.0, 82.85714285714286, 77.5, 75.55555555555556, 74.0, 70.9090909090909] 
This is end of iteration 14
===========================
===========================
This is start of iteration 15
The current required exceution time matirx is as below,with size of 6 by 11
    Vm0               Vm1               Vm2               Vm3               Vm4               Vm5               Vm6               Vm7               Vm8               Vm9           cloudletNum
40.00000          106.66667         90.00000          84.00000          73.33333          94.28571          87.50000          84.44444          82.00000          78.18182          0.00000           
50.00000          113.33333         95.00000          88.00000          76.66667          97.14286          90.00000          86.66667          84.00000          80.00000          1.00000           
60.00000          120.00000         100.00000         92.00000          80.00000          100.00000         92.50000          88.88889          86.00000          81.81818          2.00000           
70.00000          126.66667         105.00000         96.00000          83.33333          102.85714         95.00000          91.11111          88.00000          83.63636          3.00000           
80.00000          133.33333         110.00000         100.00000         86.66667          105.71429         97.50000          93.33333          90.00000          85.45455          4.00000           
90.00000          140.00000         115.00000         104.00000         90.00000          108.57143         100.00000         95.55556          92.00000          87.27273          5.00000           

The required values {row,column,cloudlet id} : {5, 9, 5} ===> 87.2727(max), located at row 5 column 9, and the cloudlet id is 5 
The cloudlet 5 has been assigned to VM 9 
The ready time array is [0.0, 80.0, 70.0, 68.0, 60.0, 82.85714285714286, 77.5, 75.55555555555556, 74.0, 87.27272727272728] 
This is end of iteration 15
===========================
===========================
This is start of iteration 16
The current required exceution time matirx is as below,with size of 5 by 11
    Vm0               Vm1               Vm2               Vm3               Vm4               Vm5               Vm6               Vm7               Vm8               Vm9           cloudletNum
40.00000          106.66667         90.00000          84.00000          73.33333          94.28571          87.50000          84.44444          82.00000          94.54545          0.00000           
50.00000          113.33333         95.00000          88.00000          76.66667          97.14286          90.00000          86.66667          84.00000          96.36364          1.00000           
60.00000          120.00000         100.00000         92.00000          80.00000          100.00000         92.50000          88.88889          86.00000          98.18182          2.00000           
70.00000          126.66667         105.00000         96.00000          83.33333          102.85714         95.00000          91.11111          88.00000          100.00000         3.00000           
80.00000          133.33333         110.00000         100.00000         86.66667          105.71429         97.50000          93.33333          90.00000          101.81818         4.00000           

The required values {row,column,cloudlet id} : {4, 0, 4} ===> 80.0000(max), located at row 4 column 0, and the cloudlet id is 4 
The cloudlet 4 has been assigned to VM 0 
The ready time array is [80.0, 80.0, 70.0, 68.0, 60.0, 82.85714285714286, 77.5, 75.55555555555556, 74.0, 87.27272727272728] 
This is end of iteration 16
===========================
===========================
This is start of iteration 17
The current required exceution time matirx is as below,with size of 4 by 11
    Vm0               Vm1               Vm2               Vm3               Vm4               Vm5               Vm6               Vm7               Vm8               Vm9           cloudletNum
120.00000         106.66667         90.00000          84.00000          73.33333          94.28571          87.50000          84.44444          82.00000          94.54545          0.00000           
130.00000         113.33333         95.00000          88.00000          76.66667          97.14286          90.00000          86.66667          84.00000          96.36364          1.00000           
140.00000         120.00000         100.00000         92.00000          80.00000          100.00000         92.50000          88.88889          86.00000          98.18182          2.00000           
150.00000         126.66667         105.00000         96.00000          83.33333          102.85714         95.00000          91.11111          88.00000          100.00000         3.00000           

The required values {row,column,cloudlet id} : {3, 4, 3} ===> 83.3333(max), located at row 3 column 4, and the cloudlet id is 3 
The cloudlet 3 has been assigned to VM 4 
The ready time array is [80.0, 80.0, 70.0, 68.0, 83.33333333333333, 82.85714285714286, 77.5, 75.55555555555556, 74.0, 87.27272727272728] 
This is end of iteration 17
===========================
===========================
This is start of iteration 18
The current required exceution time matirx is as below,with size of 3 by 11
    Vm0               Vm1               Vm2               Vm3               Vm4               Vm5               Vm6               Vm7               Vm8               Vm9           cloudletNum
120.00000         106.66667         90.00000          84.00000          96.66667          94.28571          87.50000          84.44444          82.00000          94.54545          0.00000           
130.00000         113.33333         95.00000          88.00000          100.00000         97.14286          90.00000          86.66667          84.00000          96.36364          1.00000           
140.00000         120.00000         100.00000         92.00000          103.33333         100.00000         92.50000          88.88889          86.00000          98.18182          2.00000           

The required values {row,column,cloudlet id} : {2, 8, 2} ===> 86.0000(max), located at row 2 column 8, and the cloudlet id is 2 
The cloudlet 2 has been assigned to VM 8 
The ready time array is [80.0, 80.0, 70.0, 68.0, 83.33333333333333, 82.85714285714286, 77.5, 75.55555555555556, 86.0, 87.27272727272728] 
This is end of iteration 18
===========================
===========================
This is start of iteration 19
The current required exceution time matirx is as below,with size of 2 by 11
    Vm0               Vm1               Vm2               Vm3               Vm4               Vm5               Vm6               Vm7               Vm8               Vm9           cloudletNum
120.00000         106.66667         90.00000          84.00000          96.66667          94.28571          87.50000          84.44444          94.00000          94.54545          0.00000           
130.00000         113.33333         95.00000          88.00000          100.00000         97.14286          90.00000          86.66667          96.00000          96.36364          1.00000           

The required values {row,column,cloudlet id} : {1, 7, 1} ===> 86.6667(max), located at row 1 column 7, and the cloudlet id is 1 
The cloudlet 1 has been assigned to VM 7 
The ready time array is [80.0, 80.0, 70.0, 68.0, 83.33333333333333, 82.85714285714286, 77.5, 86.66666666666666, 86.0, 87.27272727272728] 
This is end of iteration 19
===========================
===========================
This is start of iteration 20
The current required exceution time matirx is as below,with size of 1 by 11
    Vm0               Vm1               Vm2               Vm3               Vm4               Vm5               Vm6               Vm7               Vm8               Vm9           cloudletNum
120.00000         106.66667         90.00000          84.00000          96.66667          94.28571          87.50000          95.55556          94.00000          94.54545          0.00000           

The required values {row,column,cloudlet id} : {0, 3, 0} ===> 84.0000(max), located at row 0 column 3, and the cloudlet id is 0 
The cloudlet 0 has been assigned to VM 3 
The ready time array is [80.0, 80.0, 70.0, 84.0, 83.33333333333333, 82.85714285714286, 77.5, 86.66666666666666, 86.0, 87.27272727272728] 
This is end of iteration 20
===========================
The throughput is 0.228904 
Starting CloudSim version 3.0
Datacenter_0 is starting...
Broker_0 is starting...
Entities started.
0.0: Broker_0: Cloud Resource List received with 1 resource(s)
0.0: Broker_0: Trying to Create VM #0 in Datacenter_0
0.0: Broker_0: Trying to Create VM #1 in Datacenter_0
0.0: Broker_0: Trying to Create VM #2 in Datacenter_0
0.0: Broker_0: Trying to Create VM #3 in Datacenter_0
0.0: Broker_0: Trying to Create VM #4 in Datacenter_0
0.0: Broker_0: Trying to Create VM #5 in Datacenter_0
0.0: Broker_0: Trying to Create VM #6 in Datacenter_0
0.0: Broker_0: Trying to Create VM #7 in Datacenter_0
0.0: Broker_0: Trying to Create VM #8 in Datacenter_0
0.0: Broker_0: Trying to Create VM #9 in Datacenter_0
0.1: Broker_0: VM #0 has been created in Datacenter #2, Host #0
0.1: Broker_0: VM #1 has been created in Datacenter #2, Host #0
0.1: Broker_0: VM #2 has been created in Datacenter #2, Host #0
0.1: Broker_0: VM #3 has been created in Datacenter #2, Host #1
0.1: Broker_0: VM #4 has been created in Datacenter #2, Host #0
0.1: Broker_0: VM #5 has been created in Datacenter #2, Host #1
0.1: Broker_0: VM #6 has been created in Datacenter #2, Host #0
0.1: Broker_0: VM #7 has been created in Datacenter #2, Host #1
0.1: Broker_0: VM #8 has been created in Datacenter #2, Host #0
0.1: Broker_0: VM #9 has been created in Datacenter #2, Host #1


0.1: Broker_0: Sending cloudlet 19 to VM #9
0.1: Broker_0: Sending cloudlet 18 to VM #8
0.1: Broker_0: Sending cloudlet 17 to VM #7
0.1: Broker_0: Sending cloudlet 16 to VM #6
0.1: Broker_0: Sending cloudlet 15 to VM #5
0.1: Broker_0: Sending cloudlet 14 to VM #4
0.1: Broker_0: Sending cloudlet 13 to VM #3
0.1: Broker_0: Sending cloudlet 12 to VM #9
0.1: Broker_0: Sending cloudlet 11 to VM #8
0.1: Broker_0: Sending cloudlet 10 to VM #2
0.1: Broker_0: Sending cloudlet 9 to VM #7
0.1: Broker_0: Sending cloudlet 8 to VM #1
0.1: Broker_0: Sending cloudlet 7 to VM #6
0.1: Broker_0: Sending cloudlet 6 to VM #5
0.1: Broker_0: Sending cloudlet 5 to VM #9
0.1: Broker_0: Sending cloudlet 4 to VM #0
0.1: Broker_0: Sending cloudlet 3 to VM #4
0.1: Broker_0: Sending cloudlet 2 to VM #8
0.1: Broker_0: Sending cloudlet 1 to VM #7
0.1: Broker_0: Sending cloudlet 0 to VM #3

41.91818181818182: Broker_0: Cloudlet 19 received
44.09818181818182: Broker_0: Cloudlet 18 received
46.764848484848486: Broker_0: Cloudlet 17 received
50.099848484848486: Broker_0: Cloudlet 16 received
54.38556277056277: Broker_0: Cloudlet 15 received
60.0988961038961: Broker_0: Cloudlet 14 received
68.0988961038961: Broker_0: Cloudlet 13 received
70.0988961038961: Broker_0: Cloudlet 10 received
71.007987012987: Broker_0: Cloudlet 12 received
74.097987012987: Broker_0: Cloudlet 11 received
75.65354256854256: Broker_0: Cloudlet 9 received
77.59854256854256: Broker_0: Cloudlet 7 received
80.09854256854256: Broker_0: Cloudlet 4 received
80.09854256854256: Broker_0: Cloudlet 8 received
82.95568542568542: Broker_0: Cloudlet 6 received
83.42901875901875: Broker_0: Cloudlet 3 received
84.09701875901875: Broker_0: Cloudlet 0 received
86.09701875901875: Broker_0: Cloudlet 2 received
86.76368542568542: Broker_0: Cloudlet 1 received
87.37095815295815: Broker_0: Cloudlet 5 received
87.37095815295815: Broker_0: All Cloudlets executed. Finishing...
87.37095815295815: Broker_0: Destroying VM #0
87.37095815295815: Broker_0: Destroying VM #1
87.37095815295815: Broker_0: Destroying VM #2
87.37095815295815: Broker_0: Destroying VM #3
87.37095815295815: Broker_0: Destroying VM #4
87.37095815295815: Broker_0: Destroying VM #5
87.37095815295815: Broker_0: Destroying VM #6
87.37095815295815: Broker_0: Destroying VM #7
87.37095815295815: Broker_0: Destroying VM #8
87.37095815295815: Broker_0: Destroying VM #9

Broker_0 is shutting down...
Simulation: No more future events
CloudInformationService: Notify all CloudSim entities for shutting down.
Datacenter_0 is shutting down...
Broker_0 is shutting down...
Simulation completed.
Simulation completed.

========== OUTPUT ==========
Cloudlet ID      STATUS      Data center ID      VM ID          Time            Start Time            Finish Time
   19            SUCCESS         2               9           41.81818              0.10000               41.91818              
   18            SUCCESS         2               8           43.99818              0.10000               44.09818              
   17            SUCCESS         2               7           46.66485              0.10000               46.76485              
   16            SUCCESS         2               6           49.99985              0.10000               50.09985              
   15            SUCCESS         2               5           54.28556              0.10000               54.38556              
   14            SUCCESS         2               4           59.99890              0.10000               60.09890              
   13            SUCCESS         2               3           67.99890              0.10000               68.09890              
   10            SUCCESS         2               2           69.99890              0.10000               70.09890              
   12            SUCCESS         2               9           29.08981              41.91818              71.00799              
   11            SUCCESS         2               8           29.99981              44.09818              74.09799              
   9            SUCCESS         2               7           28.88869              46.76485              75.65354              
   7            SUCCESS         2               6           27.49869              50.09985              77.59854              
   4            SUCCESS         2               0           79.99854              0.10000               80.09854              
   8            SUCCESS         2               1           79.99854              0.10000               80.09854              
   6            SUCCESS         2               5           28.57012              54.38556              82.95569              
   3            SUCCESS         2               4           23.33012              60.09890              83.42902              
   0            SUCCESS         2               3           15.99812              68.09890              84.09702              
   2            SUCCESS         2               8           11.99903              74.09799              86.09702              
   1            SUCCESS         2               7           11.11014              75.65354              86.76369              
   5            SUCCESS         2               9           16.36297              71.00799              87.37096              

% Resource Time for vm 1 : 91.5619380395155
% Resource Time for vm 2 : 91.5619380395155
% Resource Time for vm 3 : 80.11689190972449
% Resource Time for vm 4 : 96.13837427760295
% Resource Time for vm 5 : 95.37381816637138
% Resource Time for vm 6 : 94.83206683006958
% Resource Time for vm 7 : 88.70057534778066
% Resource Time for vm 8 : 99.1904944821201
% Resource Time for vm 9 : 98.42746443099082
% Resource Time for vm 10 : 99.88554549233062



The throughput is 0.228909
The avg Waiting time is is 29.261197
The avg response time is is 70.141592

Max-Min Algorithm Simulation finished!
